    0.00 55.20
   31.25 54.88
   62.50 54.06
   93.75 52.96
  125.00 51.80
  156.25 50.66
  187.50 49.61
  218.75 48.65
  250.00 47.78
  281.25 46.99
  312.50 46.28
  343.75 45.64
  375.00 45.06
  406.25 44.54
  437.50 44.06
  468.75 43.63
  500.00 43.25
  531.25 42.90
  562.50 42.59
  593.75 42.31
  625.00 42.07
  656.25 41.85
  687.50 41.67
  718.75 41.50
  750.00 41.37
  781.25 41.26
  812.50 41.17
  843.75 41.11
  875.00 41.06
  906.25 41.04
  937.50 41.04
  968.75 41.06
 1000.00 41.10
 1031.25 41.16
 1062.50 41.24
 1093.75 41.34
 1125.00 41.46
 1156.25 41.59
 1187.50 41.74
 1218.75 41.92
 1250.00 42.11
 1281.25 42.31
 1312.50 42.54
 1343.75 42.79
 1375.00 43.05
 1406.25 43.33
 1437.50 43.63
 1468.75 43.95
 1500.00 44.29
 1531.25 44.65
 1562.50 45.03
 1593.75 45.42
 1625.00 45.84
 1656.25 46.28
 1687.50 46.75
 1718.75 47.23
 1750.00 47.74
 1781.25 48.28
 1812.50 48.84
 1843.75 49.43
 1875.00 50.04
 1906.25 50.69
 1937.50 51.37
 1968.75 52.08
 2000.00 52.83
 2031.25 53.61
 2062.50 54.43
 2093.75 55.29
 2125.00 56.18
 2156.25 57.09
 2187.50 58.01
 2218.75 58.92
 2250.00 59.79
 2281.25 60.57
 2312.50 61.19
 2343.75 61.61
 2375.00 61.80
 2406.25 61.76
 2437.50 61.55
 2468.75 61.22
 2500.00 60.82
 2531.25 60.39
 2562.50 59.97
 2593.75 59.58
 2625.00 59.23
 2656.25 58.92
 2687.50 58.67
 2718.75 58.46
 2750.00 58.30
 2781.25 58.20
 2812.50 58.15
 2843.75 58.15
 2875.00 58.21
 2906.25 58.32
 2937.50 58.49
 2968.75 58.72
 3000.00 59.01
 3031.25 59.36
 3062.50 59.79
 3093.75 60.29
 3125.00 60.88
 3156.25 61.55
 3187.50 62.31
 3218.75 63.18
 3250.00 64.14
 3281.25 65.18
 3312.50 66.27
 3343.75 67.30
 3375.00 68.11
 3406.25 68.49
 3437.50 68.32
 3468.75 67.70
 3500.00 66.81
 3531.25 65.85
 3562.50 64.93
 3593.75 64.09
 3625.00 63.35
 3656.25 62.72
 3687.50 62.20
 3718.75 61.77
 3750.00 61.43
 3781.25 61.16
 3812.50 60.95
 3843.75 60.76
 3875.00 60.57
 3906.25 60.33
 3937.50 60.01
 3968.75 59.56
 4000.00 58.94
 4031.25 58.17
 4062.50 57.25
 4093.75 56.22
 4125.00 55.13
 4156.25 54.01
 4187.50 52.89
 4218.75 51.79
 4250.00 50.72
 4281.25 49.69
 4312.50 48.69
 4343.75 47.74
 4375.00 46.84
 4406.25 45.97
 4437.50 45.14
 4468.75 44.36
 4500.00 43.61
 4531.25 42.89
 4562.50 42.21
 4593.75 41.57
 4625.00 40.95
 4656.25 40.36
 4687.50 39.80
 4718.75 39.27
 4750.00 38.76
 4781.25 38.28
 4812.50 37.83
 4843.75 37.40
 4875.00 36.99
 4906.25 36.60
 4937.50 36.24
 4968.75 35.89
 5000.00 35.57
 5031.25 35.27
 5062.50 34.99
 5093.75 34.73
 5125.00 34.49
 5156.25 34.26
 5187.50 34.06
 5218.75 33.88
 5250.00 33.71
 5281.25 33.57
 5312.50 33.44
 5343.75 33.33
 5375.00 33.24
 5406.25 33.17
 5437.50 33.12
 5468.75 33.09
 5500.00 33.08
 5531.25 33.09
 5562.50 33.12
 5593.75 33.17
 5625.00 33.25
 5656.25 33.34
 5687.50 33.46
 5718.75 33.60
 5750.00 33.76
 5781.25 33.95
 5812.50 34.16
 5843.75 34.40
 5875.00 34.66
 5906.25 34.95
 5937.50 35.27
 5968.75 35.62
 6000.00 35.99
 6031.25 36.39
 6062.50 36.81
 6093.75 37.25
 6125.00 37.71
 6156.25 38.18
 6187.50 38.64
 6218.75 39.08
 6250.00 39.49
 6281.25 39.82
 6312.50 40.07
 6343.75 40.21
 6375.00 40.21
 6406.25 40.09
 6437.50 39.85
 6468.75 39.51
 6500.00 39.10
 6531.25 38.64
 6562.50 38.16
 6593.75 37.66
 6625.00 37.18
 6656.25 36.70
 6687.50 36.25
 6718.75 35.82
 6750.00 35.42
 6781.25 35.05
 6812.50 34.71
 6843.75 34.39
 6875.00 34.11
 6906.25 33.86
 6937.50 33.63
 6968.75 33.43
 7000.00 33.26
 7031.25 33.12
 7062.50 33.00
 7093.75 32.92
 7125.00 32.86
 7156.25 32.82
 7187.50 32.82
 7218.75 32.84
 7250.00 32.88
 7281.25 32.96
 7312.50 33.06
 7343.75 33.20
 7375.00 33.36
 7406.25 33.56
 7437.50 33.78
 7468.75 34.05
 7500.00 34.34
 7531.25 34.67
 7562.50 35.05
 7593.75 35.46
 7625.00 35.92
 7656.25 36.42
 7687.50 36.97
 7718.75 37.57
 7750.00 38.22
 7781.25 38.92
 7812.50 39.67
 7843.75 40.44
 7875.00 41.22
 7906.25 41.95
 7937.50 42.57
 7968.75 42.99
